% Linear Model

% clc;
% clear;
% d2r = pi/180;

A = [-0.0239, -28.316, 0, -32.2;...
     -0.0003, -0.3621, 1, 0;...
     0, -2.2115, -0.2532, 0;...
     0, 0, 1, 0];
 
B = [-3.8114, 0.00095;...
     -0.0515, 0;...
     -2.8791, 0;...
     0, 0];

C = diag([1,1,1,1]);

C1 = [0,-1,0,1];  

D = zeros(4,2);
 
F2 = 1414.2;

F1 = [-67.81 11973 -133.3 -11801];

Trimx_N = [438.65;10*d2r;0;10*d2r];

Trimu_N = [-1.26*d2r;5470.5];

Ini_cond = [438.6533;10*d2r;0*d2r;10*d2r];
% 
% A_eqn = [A,B;C,D];
% 
% B_eqn = [0;0;0;0;0];
